887
303
967
720
339
147
136
464
584
107
416
996
625
882
114
599
438
218
444
970
912
261
804
24
654
586
808
298
146
711
385
82
571
416
773
804
723
665
140
232
121
424
363
138
248
479
189
643
571
838
114
367
378
71
340
127
987
799
182
20
464
980
513
634
407
230
949
456
33
93
345
69
823
620
720
877
585
273
419
395
169
619
656
643
373
341
103
329
112
524
559
58
353
128
632
716
812
499
371
382
364
324
39
164
881
906
87
170
686
337
561
976
662
790
111
762
645
951
996
678
964
434
717
209
798
972
815
974
729
524
223
866
548
843
891
870
363
461
8
35
863
360
100
214
964
695
587
343
197
637
331
79
203
438
275
665
786
842
48
79
629
833
628
913
938
185
752
919
466
857
714
910
736
330
190
363
89
85
77
428
567
882
974
436
167
715
432
846
486
473
932
311
878
898
100
207
925
887
520
368
771
892
379
862
107
821
623
517
755
829
550
405
985
378
465
435
184
339
927
562
419
229
824
35
550
367
536
304
55
887
546
990
593
699
932
595
485
709
723
328
250
730
11
689
306
937
944
549
169
58
797
612
224
377
540
473
960
857
214
866
404
692
882
984
211
41
228
247
803
646
615
910
694
140
23
463
637
887
93
226
20
27
582
93
810
673
19
777
15
103
188
253
335
469
0
172
855
772
913
12
316
97
414
773
342
880
876
489
689
950
629
467
808
497
916
299
895
211
237
795
854
842
789
460
878
122
31
687
989
519
467
360
258
528
44
191
143
471
319
760
677
40
125
135
581
715
28
800
513
640
149
252
923
317
525
603
860
841
956
681
420
323
698
477
708
939
474
880
620
205
112
572
361
422
556
752
924
689
171
511
303
426
595
887
158
624
807
393
893
137
580
711
345
297
382
226
764
917
17
349
265
147
842
583
768
582
161
614
830
303
969
78
932
580
240
561
296
13
137
669
950
671
398
865
301
547
518
33
921
623
364
752
786
301
757
456
739
19
687
277
85
675
567
975
794
847
188
852
562
159
850
846
45
327
361
717
130
644
500
886
664
679
427
127
893
994
69
863
638
932
830
777
230
675
44
228
701
610
380
647
237
695
799
157
867
700
269
228
667
313
615
500
324
553
573
183
572
134
422
76
518
302
865
188
484
107
918
272
775
179
760
233
226
794
580
807
341
631
502
239
852
888
787
386
901
857
429
618
46
629
652
952
556
784
548
879
800
92
760
816
284
975
58
109
743
265
472
141
425
689
518
122
976
722
721
229
271
802
986
706
878
783
359
86
874
862
363
537
249
186
612
16
967
724
452
836
362
276
973
775
594
315
424
528
106
526
732
218
945
882
889
29
945
684
695
417
223
457
552
973
557
756
176
339
637
699
642
853
910
592
665
549
388
419
38
923
448
712
806
856
960
656
136
23
205
539
509
990
855
642
141
173
105
783
822
804
252
186
857
570
936
612
685
888
114
962
601
629
861
611
537
222
454
841
751
354
534
463
831
485
845
305
853
216
971
830
802
848
569
472
501
874
104
226
120
167
80
787
276
462
428
649
306
554
258
429
588
431
131
153
187
188
285
966
340
809
145
481
8
187
18
858
481
513
181
574
830
350
907
940
241
869
122
775
433
956
467
860
893
144
220
275
128
299
86
390
503
478
675
932
659
411
568
273
642
666
691
199
978
826
22
204
303
999
346
890
898
67
760
90
830
24
44
368
935
74
581
813
115
77
491
916
247
887
508
317
235
801
431
969
428
608
473
600
133
2
583
881
110
26
686
946
807
568
605
810
337
558
896
564
573
101
204
306
712
468
157
156
321
157
447
399
787
5
249
116
28
62
223
511
740
171
197
596
578
680
315
875
645
636
353
869
125
807
535
747
928
230
967
142
362
256
652
657
525
900
298
770
38
230
332
285
399
553
452
379
346
460
906
354
934
126
877
953
240
222
417
208
395
745
592
151
249
688
680
496
464
811
50
970
242
94
172
677
428
872
374
991
700
264
780
487
345
933
45
344
524
596
433
774
337
892
709
241
344
787
349
764
385
742
548
658
14
91
577
89
983
975
985
694
392
589
822
574
232
144
991
786
328
405
565
181
700
43
144
401
318
719
400
751
449
761
917
20
913
616
247
254
694
17
94
622
333
59
153
286
240
878
175
76
121
631
826
344
121
598
213
326
613
794
448
681
980
923
75
185
322
529
35
779
767
739
659
323
7
572
865
120
568
146
623
717
140
342
362
696
761
177
524
778
968
87
319
973
855
914
533
953
788
875
